"","state","acq_date","n","cumsum"
"1","New South Wales",2019-08-01,4,4
"2","New South Wales",2019-08-02,7,11
"3","New South Wales",2019-08-03,9,20
"4","New South Wales",2019-08-04,2,22
"5","New South Wales",2019-08-05,3,25
"6","New South Wales",2019-08-06,22,47
"7","New South Wales",2019-08-07,7,54
"8","New South Wales",2019-08-08,24,78
"9","New South Wales",2019-08-09,24,102
"10","New South Wales",2019-08-10,73,175
"11","New South Wales",2019-08-11,49,224
"12","New South Wales",2019-08-12,12,236
"13","New South Wales",2019-08-13,15,251
"14","New South Wales",2019-08-14,5,256
"15","New South Wales",2019-08-15,6,262
"16","New South Wales",2019-08-16,10,272
"17","New South Wales",2019-08-17,7,279
"18","New South Wales",2019-08-18,7,286
"19","New South Wales",2019-08-19,18,304
"20","New South Wales",2019-08-20,15,319
"21","New South Wales",2019-08-21,9,328
"22","New South Wales",2019-08-22,6,334
"23","New South Wales",2019-08-23,8,342
"24","New South Wales",2019-08-24,11,353
"25","New South Wales",2019-08-25,8,361
"26","New South Wales",2019-08-26,11,372
"27","New South Wales",2019-08-27,16,388
"28","New South Wales",2019-08-28,24,412
"29","New South Wales",2019-08-29,10,422
"30","New South Wales",2019-08-30,4,426
"31","New South Wales",2019-08-31,2,428
"32","New South Wales",2019-09-01,1,429
"33","New South Wales",2019-09-02,4,433
"34","New South Wales",2019-09-03,23,456
"35","New South Wales",2019-09-04,18,474
"36","New South Wales",2019-09-05,7,481
"37","New South Wales",2019-09-06,236,717
"38","New South Wales",2019-09-07,258,975
"39","New South Wales",2019-09-08,155,1130
"40","New South Wales",2019-09-09,207,1337
"41","New South Wales",2019-09-10,64,1401
"42","New South Wales",2019-09-11,48,1449
"43","New South Wales",2019-09-12,89,1538
"44","New South Wales",2019-09-13,118,1656
"45","New South Wales",2019-09-14,103,1759
"46","New South Wales",2019-09-15,67,1826
"47","New South Wales",2019-09-16,149,1975
"48","New South Wales",2019-09-17,2,1977
"49","New South Wales",2019-09-18,14,1991
"50","New South Wales",2019-09-19,22,2013
"51","New South Wales",2019-09-20,11,2024
"52","New South Wales",2019-09-21,1,2025
"53","New South Wales",2019-09-22,19,2044
"54","New South Wales",2019-09-23,57,2101
"55","New South Wales",2019-09-24,12,2113
"56","New South Wales",2019-09-26,5,2118
"57","New South Wales",2019-09-27,47,2165
"58","New South Wales",2019-09-28,21,2186
"59","New South Wales",2019-09-29,8,2194
"60","New South Wales",2019-09-30,1,2195
"61","New South Wales",2019-10-01,2,2197
"62","New South Wales",2019-10-02,2,2199
"63","New South Wales",2019-10-03,3,2202
"64","New South Wales",2019-10-04,11,2213
"65","New South Wales",2019-10-06,11,2224
"66","New South Wales",2019-10-07,62,2286
"67","New South Wales",2019-10-08,344,2630
"68","New South Wales",2019-10-09,68,2698
"69","New South Wales",2019-10-10,3,2701
"70","New South Wales",2019-10-11,1,2702
"71","New South Wales",2019-10-12,3,2705
"72","New South Wales",2019-10-14,1,2706
"73","New South Wales",2019-10-15,9,2715
"74","New South Wales",2019-10-16,1,2716
"75","New South Wales",2019-10-17,26,2742
"76","New South Wales",2019-10-18,43,2785
"77","New South Wales",2019-10-19,136,2921
"78","New South Wales",2019-10-20,81,3002
"79","New South Wales",2019-10-21,51,3053
"80","New South Wales",2019-10-22,82,3135
"81","New South Wales",2019-10-23,39,3174
"82","New South Wales",2019-10-24,36,3210
"83","New South Wales",2019-10-25,31,3241
"84","New South Wales",2019-10-26,151,3392
"85","New South Wales",2019-10-27,125,3517
"86","New South Wales",2019-10-28,60,3577
"87","New South Wales",2019-10-29,75,3652
"88","New South Wales",2019-10-30,15,3667
"89","New South Wales",2019-10-31,61,3728
"90","New South Wales",2019-11-01,73,3801
"91","New South Wales",2019-11-02,51,3852
"92","New South Wales",2019-11-03,12,3864
"93","New South Wales",2019-11-04,31,3895
"94","New South Wales",2019-11-05,30,3925
"95","New South Wales",2019-11-06,133,4058
"96","New South Wales",2019-11-07,1335,5393
"97","New South Wales",2019-11-08,2272,7665
"98","New South Wales",2019-11-09,1130,8795
"99","New South Wales",2019-11-10,700,9495
"100","New South Wales",2019-11-11,222,9717
"101","New South Wales",2019-11-12,1597,11314
"102","New South Wales",2019-11-13,451,11765
"103","New South Wales",2019-11-14,509,12274
"104","New South Wales",2019-11-15,966,13240
"105","New South Wales",2019-11-16,398,13638
"106","New South Wales",2019-11-17,118,13756
"107","New South Wales",2019-11-18,350,14106
"108","New South Wales",2019-11-19,887,14993
"109","New South Wales",2019-11-20,192,15185
"110","New South Wales",2019-11-21,499,15684
"111","New South Wales",2019-11-22,498,16182
"112","New South Wales",2019-11-23,135,16317
"113","New South Wales",2019-11-24,70,16387
"114","New South Wales",2019-11-25,154,16541
"115","New South Wales",2019-11-26,298,16839
"116","New South Wales",2019-11-27,64,16903
"117","New South Wales",2019-11-28,242,17145
"118","New South Wales",2019-11-29,204,17349
"119","New South Wales",2019-11-30,54,17403
"120","New South Wales",2019-12-01,389,17792
"121","New South Wales",2019-12-02,569,18361
"122","New South Wales",2019-12-03,972,19333
"123","New South Wales",2019-12-04,1068,20401
"124","New South Wales",2019-12-05,1688,22089
"125","New South Wales",2019-12-06,1584,23673
"126","New South Wales",2019-12-07,991,24664
"127","New South Wales",2019-12-08,236,24900
"128","New South Wales",2019-12-09,698,25598
"129","New South Wales",2019-12-10,485,26083
"130","New South Wales",2019-12-11,57,26140
"131","New South Wales",2019-12-12,113,26253
"132","New South Wales",2019-12-13,19,26272
"133","New South Wales",2019-12-14,348,26620
"134","New South Wales",2019-12-15,463,27083
"135","New South Wales",2019-12-16,729,27812
"136","New South Wales",2019-12-17,488,28300
"137","New South Wales",2019-12-18,1034,29334
"138","New South Wales",2019-12-19,1296,30630
"139","New South Wales",2019-12-20,553,31183
"140","New South Wales",2019-12-21,1525,32708
"141","New South Wales",2019-12-22,75,32783
"142","New South Wales",2019-12-23,160,32943
"143","New South Wales",2019-12-24,17,32960
"144","New South Wales",2019-12-25,104,33064
"145","New South Wales",2019-12-26,207,33271
"146","New South Wales",2019-12-27,372,33643
"147","New South Wales",2019-12-28,770,34413
"148","New South Wales",2019-12-29,463,34876
"149","New South Wales",2019-12-30,2117,36993
"150","New South Wales",2019-12-31,1028,38021
"151","New South Wales",2020-01-01,527,38548
"152","New South Wales",2020-01-02,516,39064
"153","New South Wales",2020-01-03,836,39900
"154","New South Wales",2020-01-04,3252,43152
"155","New South Wales",2020-01-05,135,43287
"156","New South Wales",2020-01-06,47,43334
"157","New South Wales",2020-01-07,20,43354
"158","New South Wales",2020-01-08,71,43425
"159","New South Wales",2020-01-09,92,43517
"160","New South Wales",2020-01-10,147,43664
"161","New South Wales",2020-01-11,367,44031
"162","Northern Territory",2019-08-01,51,51
"163","Northern Territory",2019-08-02,166,217
"164","Northern Territory",2019-08-03,76,293
"165","Northern Territory",2019-08-04,91,384
"166","Northern Territory",2019-08-05,71,455
"167","Northern Territory",2019-08-06,151,606
"168","Northern Territory",2019-08-07,117,723
"169","Northern Territory",2019-08-08,37,760
"170","Northern Territory",2019-08-09,134,894
"171","Northern Territory",2019-08-10,50,944
"172","Northern Territory",2019-08-11,180,1124
"173","Northern Territory",2019-08-12,195,1319
"174","Northern Territory",2019-08-13,130,1449
"175","Northern Territory",2019-08-14,136,1585
"176","Northern Territory",2019-08-15,46,1631
"177","Northern Territory",2019-08-16,133,1764
"178","Northern Territory",2019-08-17,14,1778
"179","Northern Territory",2019-08-18,75,1853
"180","Northern Territory",2019-08-19,79,1932
"181","Northern Territory",2019-08-20,157,2089
"182","Northern Territory",2019-08-21,100,2189
"183","Northern Territory",2019-08-22,88,2277
"184","Northern Territory",2019-08-23,100,2377
"185","Northern Territory",2019-08-24,8,2385
"186","Northern Territory",2019-08-25,48,2433
"187","Northern Territory",2019-08-26,14,2447
"188","Northern Territory",2019-08-27,74,2521
"189","Northern Territory",2019-08-28,147,2668
"190","Northern Territory",2019-08-29,109,2777
"191","Northern Territory",2019-08-30,89,2866
"192","Northern Territory",2019-08-31,35,2901
"193","Northern Territory",2019-09-01,140,3041
"194","Northern Territory",2019-09-02,32,3073
"195","Northern Territory",2019-09-03,117,3190
"196","Northern Territory",2019-09-04,28,3218
"197","Northern Territory",2019-09-05,47,3265
"198","Northern Territory",2019-09-06,68,3333
"199","Northern Territory",2019-09-07,59,3392
"200","Northern Territory",2019-09-08,158,3550
"201","Northern Territory",2019-09-09,34,3584
"202","Northern Territory",2019-09-10,218,3802
"203","Northern Territory",2019-09-11,94,3896
"204","Northern Territory",2019-09-12,195,4091
"205","Northern Territory",2019-09-13,145,4236
"206","Northern Territory",2019-09-14,184,4420
"207","Northern Territory",2019-09-15,217,4637
"208","Northern Territory",2019-09-16,18,4655
"209","Northern Territory",2019-09-17,120,4775
"210","Northern Territory",2019-09-18,33,4808
"211","Northern Territory",2019-09-19,76,4884
"212","Northern Territory",2019-09-20,129,5013
"213","Northern Territory",2019-09-21,31,5044
"214","Northern Territory",2019-09-22,22,5066
"215","Northern Territory",2019-09-23,27,5093
"216","Northern Territory",2019-09-24,62,5155
"217","Northern Territory",2019-09-25,28,5183
"218","Northern Territory",2019-09-26,81,5264
"219","Northern Territory",2019-09-27,31,5295
"220","Northern Territory",2019-09-28,99,5394
"221","Northern Territory",2019-09-29,84,5478
"222","Northern Territory",2019-09-30,116,5594
"223","Northern Territory",2019-10-01,252,5846
"224","Northern Territory",2019-10-02,100,5946
"225","Northern Territory",2019-10-03,156,6102
"226","Northern Territory",2019-10-04,95,6197
"227","Northern Territory",2019-10-05,234,6431
"228","Northern Territory",2019-10-06,77,6508
"229","Northern Territory",2019-10-07,103,6611
"230","Northern Territory",2019-10-08,84,6695
"231","Northern Territory",2019-10-09,98,6793
"232","Northern Territory",2019-10-10,181,6974
"233","Northern Territory",2019-10-11,89,7063
"234","Northern Territory",2019-10-12,277,7340
"235","Northern Territory",2019-10-13,88,7428
"236","Northern Territory",2019-10-14,339,7767
"237","Northern Territory",2019-10-15,135,7902
"238","Northern Territory",2019-10-16,224,8126
"239","Northern Territory",2019-10-17,313,8439
"240","Northern Territory",2019-10-18,238,8677
"241","Northern Territory",2019-10-19,442,9119
"242","Northern Territory",2019-10-20,260,9379
"243","Northern Territory",2019-10-21,826,10205
"244","Northern Territory",2019-10-22,301,10506
"245","Northern Territory",2019-10-23,240,10746
"246","Northern Territory",2019-10-24,73,10819
"247","Northern Territory",2019-10-25,71,10890
"248","Northern Territory",2019-10-26,58,10948
"249","Northern Territory",2019-10-27,8,10956
"250","Northern Territory",2019-10-28,10,10966
"251","Northern Territory",2019-10-29,32,10998
"252","Northern Territory",2019-10-30,65,11063
"253","Northern Territory",2019-10-31,18,11081
"254","Northern Territory",2019-11-01,33,11114
"255","Northern Territory",2019-11-02,57,11171
"256","Northern Territory",2019-11-03,20,11191
"257","Northern Territory",2019-11-04,6,11197
"258","Northern Territory",2019-11-05,11,11208
"259","Northern Territory",2019-11-06,58,11266
"260","Northern Territory",2019-11-07,12,11278
"261","Northern Territory",2019-11-08,27,11305
"262","Northern Territory",2019-11-09,35,11340
"263","Northern Territory",2019-11-10,80,11420
"264","Northern Territory",2019-11-11,75,11495
"265","Northern Territory",2019-11-12,19,11514
"266","Northern Territory",2019-11-13,28,11542
"267","Northern Territory",2019-11-14,9,11551
"268","Northern Territory",2019-11-15,60,11611
"269","Northern Territory",2019-11-16,49,11660
"270","Northern Territory",2019-11-17,130,11790
"271","Northern Territory",2019-11-18,35,11825
"272","Northern Territory",2019-11-19,61,11886
"273","Northern Territory",2019-11-20,122,12008
"274","Northern Territory",2019-11-21,14,12022
"275","Northern Territory",2019-11-22,49,12071
"276","Northern Territory",2019-11-23,24,12095
"277","Northern Territory",2019-11-24,36,12131
"278","Northern Territory",2019-11-25,12,12143
"279","Northern Territory",2019-11-26,31,12174
"280","Northern Territory",2019-11-27,52,12226
"281","Northern Territory",2019-11-28,34,12260
"282","Northern Territory",2019-11-29,57,12317
"283","Northern Territory",2019-11-30,18,12335
"284","Northern Territory",2019-12-01,73,12408
"285","Northern Territory",2019-12-02,31,12439
"286","Northern Territory",2019-12-03,74,12513
"287","Northern Territory",2019-12-04,132,12645
"288","Northern Territory",2019-12-05,134,12779
"289","Northern Territory",2019-12-06,148,12927
"290","Northern Territory",2019-12-07,29,12956
"291","Northern Territory",2019-12-08,98,13054
"292","Northern Territory",2019-12-09,28,13082
"293","Northern Territory",2019-12-10,35,13117
"294","Northern Territory",2019-12-11,25,13142
"295","Northern Territory",2019-12-12,34,13176
"296","Northern Territory",2019-12-13,46,13222
"297","Northern Territory",2019-12-14,33,13255
"298","Northern Territory",2019-12-15,191,13446
"299","Northern Territory",2019-12-16,37,13483
"300","Northern Territory",2019-12-17,78,13561
"301","Northern Territory",2019-12-18,72,13633
"302","Northern Territory",2019-12-19,126,13759
"303","Northern Territory",2019-12-20,102,13861
"304","Northern Territory",2019-12-21,99,13960
"305","Northern Territory",2019-12-22,180,14140
"306","Northern Territory",2019-12-23,146,14286
"307","Northern Territory",2019-12-24,331,14617
"308","Northern Territory",2019-12-25,168,14785
"309","Northern Territory",2019-12-26,309,15094
"310","Northern Territory",2019-12-27,115,15209
"311","Northern Territory",2019-12-28,65,15274
"312","Northern Territory",2019-12-29,51,15325
"313","Northern Territory",2019-12-30,113,15438
"314","Northern Territory",2019-12-31,39,15477
"315","Northern Territory",2020-01-01,13,15490
"316","Northern Territory",2020-01-02,39,15529
"317","Northern Territory",2020-01-03,20,15549
"318","Northern Territory",2020-01-04,1,15550
"319","Northern Territory",2020-01-05,5,15555
"320","Northern Territory",2020-01-07,2,15557
"321","Northern Territory",2020-01-08,1,15558
"322","Queensland",2019-08-01,25,25
"323","Queensland",2019-08-02,12,37
"324","Queensland",2019-08-03,19,56
"325","Queensland",2019-08-04,30,86
"326","Queensland",2019-08-05,17,103
"327","Queensland",2019-08-06,15,118
"328","Queensland",2019-08-08,13,131
"329","Queensland",2019-08-09,11,142
"330","Queensland",2019-08-10,41,183
"331","Queensland",2019-08-11,53,236
"332","Queensland",2019-08-12,68,304
"333","Queensland",2019-08-13,48,352
"334","Queensland",2019-08-14,29,381
"335","Queensland",2019-08-15,14,395
"336","Queensland",2019-08-16,30,425
"337","Queensland",2019-08-17,44,469
"338","Queensland",2019-08-18,30,499
"339","Queensland",2019-08-19,61,560
"340","Queensland",2019-08-20,75,635
"341","Queensland",2019-08-21,48,683
"342","Queensland",2019-08-22,89,772
"343","Queensland",2019-08-23,23,795
"344","Queensland",2019-08-24,63,858
"345","Queensland",2019-08-25,24,882
"346","Queensland",2019-08-26,69,951
"347","Queensland",2019-08-27,49,1000
"348","Queensland",2019-08-28,67,1067
"349","Queensland",2019-08-29,61,1128
"350","Queensland",2019-08-30,40,1168
"351","Queensland",2019-08-31,48,1216
"352","Queensland",2019-09-01,21,1237
"353","Queensland",2019-09-02,43,1280
"354","Queensland",2019-09-03,46,1326
"355","Queensland",2019-09-04,79,1405
"356","Queensland",2019-09-05,137,1542
"357","Queensland",2019-09-06,198,1740
"358","Queensland",2019-09-07,161,1901
"359","Queensland",2019-09-08,168,2069
"360","Queensland",2019-09-09,277,2346
"361","Queensland",2019-09-10,111,2457
"362","Queensland",2019-09-11,106,2563
"363","Queensland",2019-09-12,20,2583
"364","Queensland",2019-09-13,44,2627
"365","Queensland",2019-09-14,67,2694
"366","Queensland",2019-09-15,20,2714
"367","Queensland",2019-09-16,48,2762
"368","Queensland",2019-09-17,41,2803
"369","Queensland",2019-09-18,87,2890
"370","Queensland",2019-09-19,50,2940
"371","Queensland",2019-09-20,31,2971
"372","Queensland",2019-09-21,36,3007
"373","Queensland",2019-09-22,28,3035
"374","Queensland",2019-09-23,78,3113
"375","Queensland",2019-09-24,37,3150
"376","Queensland",2019-09-25,55,3205
"377","Queensland",2019-09-26,15,3220
"378","Queensland",2019-09-27,44,3264
"379","Queensland",2019-09-28,75,3339
"380","Queensland",2019-09-29,61,3400
"381","Queensland",2019-09-30,131,3531
"382","Queensland",2019-10-01,67,3598
"383","Queensland",2019-10-02,42,3640
"384","Queensland",2019-10-03,64,3704
"385","Queensland",2019-10-04,98,3802
"386","Queensland",2019-10-05,60,3862
"387","Queensland",2019-10-06,127,3989
"388","Queensland",2019-10-07,97,4086
"389","Queensland",2019-10-08,190,4276
"390","Queensland",2019-10-09,151,4427
"391","Queensland",2019-10-10,51,4478
"392","Queensland",2019-10-11,90,4568
"393","Queensland",2019-10-12,60,4628
"394","Queensland",2019-10-13,98,4726
"395","Queensland",2019-10-14,53,4779
"396","Queensland",2019-10-15,107,4886
"397","Queensland",2019-10-16,91,4977
"398","Queensland",2019-10-17,36,5013
"399","Queensland",2019-10-18,116,5129
"400","Queensland",2019-10-19,54,5183
"401","Queensland",2019-10-20,136,5319
"402","Queensland",2019-10-21,52,5371
"403","Queensland",2019-10-22,61,5432
"404","Queensland",2019-10-23,58,5490
"405","Queensland",2019-10-24,28,5518
"406","Queensland",2019-10-25,19,5537
"407","Queensland",2019-10-26,6,5543
"408","Queensland",2019-10-27,30,5573
"409","Queensland",2019-10-28,31,5604
"410","Queensland",2019-10-29,8,5612
"411","Queensland",2019-10-31,9,5621
"412","Queensland",2019-11-01,16,5637
"413","Queensland",2019-11-02,7,5644
"414","Queensland",2019-11-03,26,5670
"415","Queensland",2019-11-04,14,5684
"416","Queensland",2019-11-05,27,5711
"417","Queensland",2019-11-06,42,5753
"418","Queensland",2019-11-07,117,5870
"419","Queensland",2019-11-08,151,6021
"420","Queensland",2019-11-09,228,6249
"421","Queensland",2019-11-10,247,6496
"422","Queensland",2019-11-11,51,6547
"423","Queensland",2019-11-12,199,6746
"424","Queensland",2019-11-13,118,6864
"425","Queensland",2019-11-14,180,7044
"426","Queensland",2019-11-15,108,7152
"427","Queensland",2019-11-16,147,7299
"428","Queensland",2019-11-17,272,7571
"429","Queensland",2019-11-18,141,7712
"430","Queensland",2019-11-19,138,7850
"431","Queensland",2019-11-20,52,7902
"432","Queensland",2019-11-21,108,8010
"433","Queensland",2019-11-22,28,8038
"434","Queensland",2019-11-23,123,8161
"435","Queensland",2019-11-24,66,8227
"436","Queensland",2019-11-25,52,8279
"437","Queensland",2019-11-26,43,8322
"438","Queensland",2019-11-27,6,8328
"439","Queensland",2019-11-28,45,8373
"440","Queensland",2019-11-29,40,8413
"441","Queensland",2019-11-30,92,8505
"442","Queensland",2019-12-01,85,8590
"443","Queensland",2019-12-02,172,8762
"444","Queensland",2019-12-03,163,8925
"445","Queensland",2019-12-04,170,9095
"446","Queensland",2019-12-05,185,9280
"447","Queensland",2019-12-06,141,9421
"448","Queensland",2019-12-07,284,9705
"449","Queensland",2019-12-08,296,10001
"450","Queensland",2019-12-09,438,10439
"451","Queensland",2019-12-10,117,10556
"452","Queensland",2019-12-11,121,10677
"453","Queensland",2019-12-12,117,10794
"454","Queensland",2019-12-13,114,10908
"455","Queensland",2019-12-14,332,11240
"456","Queensland",2019-12-15,154,11394
"457","Queensland",2019-12-16,578,11972
"458","Queensland",2019-12-17,414,12386
"459","Queensland",2019-12-18,503,12889
"460","Queensland",2019-12-19,430,13319
"461","Queensland",2019-12-20,329,13648
"462","Queensland",2019-12-21,271,13919
"463","Queensland",2019-12-22,117,14036
"464","Queensland",2019-12-23,251,14287
"465","Queensland",2019-12-24,239,14526
"466","Queensland",2019-12-25,318,14844
"467","Queensland",2019-12-26,215,15059
"468","Queensland",2019-12-27,82,15141
"469","Queensland",2019-12-28,69,15210
"470","Queensland",2019-12-29,25,15235
"471","Queensland",2019-12-30,100,15335
"472","Queensland",2019-12-31,84,15419
"473","Queensland",2020-01-01,141,15560
"474","Queensland",2020-01-02,152,15712
"475","Queensland",2020-01-03,109,15821
"476","Queensland",2020-01-04,75,15896
"477","Queensland",2020-01-05,84,15980
"478","Queensland",2020-01-06,47,16027
"479","Queensland",2020-01-07,9,16036
"480","Queensland",2020-01-08,52,16088
"481","Queensland",2020-01-09,41,16129
"482","Queensland",2020-01-10,65,16194
"483","Queensland",2020-01-11,71,16265
"484","South Australia",2019-08-02,1,1
"485","South Australia",2019-08-14,1,2
"486","South Australia",2019-08-15,2,4
"487","South Australia",2019-09-09,3,7
"488","South Australia",2019-09-11,4,11
"489","South Australia",2019-09-12,1,12
"490","South Australia",2019-09-13,11,23
"491","South Australia",2019-09-14,9,32
"492","South Australia",2019-09-15,9,41
"493","South Australia",2019-09-16,8,49
"494","South Australia",2019-09-17,2,51
"495","South Australia",2019-09-30,9,60
"496","South Australia",2019-10-01,8,68
"497","South Australia",2019-10-03,1,69
"498","South Australia",2019-10-04,152,221
"499","South Australia",2019-10-05,206,427
"500","South Australia",2019-10-06,20,447
"501","South Australia",2019-10-07,2,449
"502","South Australia",2019-10-08,14,463
"503","South Australia",2019-10-09,9,472
"504","South Australia",2019-10-10,1,473
"505","South Australia",2019-10-11,10,483
"506","South Australia",2019-10-18,2,485
"507","South Australia",2019-10-20,3,488
"508","South Australia",2019-10-22,6,494
"509","South Australia",2019-10-24,82,576
"510","South Australia",2019-10-25,78,654
"511","South Australia",2019-10-26,18,672
"512","South Australia",2019-10-27,35,707
"513","South Australia",2019-10-28,45,752
"514","South Australia",2019-10-29,33,785
"515","South Australia",2019-10-30,39,824
"516","South Australia",2019-10-31,23,847
"517","South Australia",2019-11-02,6,853
"518","South Australia",2019-11-03,2,855
"519","South Australia",2019-11-05,8,863
"520","South Australia",2019-11-06,3,866
"521","South Australia",2019-11-07,6,872
"522","South Australia",2019-11-10,2,874
"523","South Australia",2019-11-14,2,876
"524","South Australia",2019-11-18,2,878
"525","South Australia",2019-11-25,5,883
"526","South Australia",2019-11-28,1,884
"527","South Australia",2019-11-29,1,885
"528","South Australia",2019-12-08,2,887
"529","South Australia",2019-12-11,3,890
"530","South Australia",2019-12-18,6,896
"531","South Australia",2019-12-19,69,965
"532","South Australia",2019-12-20,253,1218
"533","South Australia",2019-12-21,79,1297
"534","South Australia",2019-12-22,10,1307
"535","South Australia",2019-12-23,37,1344
"536","South Australia",2019-12-24,26,1370
"537","South Australia",2019-12-25,18,1388
"538","South Australia",2019-12-26,20,1408
"539","South Australia",2019-12-27,30,1438
"540","South Australia",2019-12-28,17,1455
"541","South Australia",2019-12-29,81,1536
"542","South Australia",2019-12-30,322,1858
"543","South Australia",2019-12-31,98,1956
"544","South Australia",2020-01-01,107,2063
"545","South Australia",2020-01-02,173,2236
"546","South Australia",2020-01-03,425,2661
"547","South Australia",2020-01-05,24,2685
"548","South Australia",2020-01-06,37,2722
"549","South Australia",2020-01-07,50,2772
"550","South Australia",2020-01-08,28,2800
"551","South Australia",2020-01-09,76,2876
"552","South Australia",2020-01-10,1,2877
"553","South Australia",2020-01-11,5,2882
"554","Tasmania",2019-08-02,1,1
"555","Tasmania",2019-08-18,1,2
"556","Tasmania",2019-08-20,1,3
"557","Tasmania",2019-09-03,2,5
"558","Tasmania",2019-09-17,5,10
"559","Tasmania",2019-09-19,16,26
"560","Tasmania",2019-09-20,1,27
"561","Tasmania",2019-09-22,2,29
"562","Tasmania",2019-09-26,2,31
"563","Tasmania",2019-10-05,2,33
"564","Tasmania",2019-10-12,1,34
"565","Tasmania",2019-10-21,1,35
"566","Tasmania",2019-10-23,4,39
"567","Tasmania",2019-10-28,1,40
"568","Tasmania",2019-10-29,3,43
"569","Tasmania",2019-10-31,6,49
"570","Tasmania",2019-11-16,10,59
"571","Tasmania",2019-11-18,6,65
"572","Tasmania",2019-11-19,4,69
"573","Tasmania",2019-11-20,1,70
"574","Tasmania",2019-11-23,1,71
"575","Tasmania",2019-11-24,4,75
"576","Tasmania",2019-12-03,2,77
"577","Tasmania",2019-12-04,3,80
"578","Tasmania",2019-12-05,5,85
"579","Tasmania",2019-12-06,18,103
"580","Tasmania",2019-12-07,1,104
"581","Tasmania",2019-12-08,16,120
"582","Tasmania",2019-12-09,1,121
"583","Tasmania",2019-12-10,11,132
"584","Tasmania",2019-12-12,2,134
"585","Tasmania",2019-12-17,2,136
"586","Tasmania",2019-12-19,4,140
"587","Tasmania",2019-12-31,54,194
"588","Tasmania",2020-01-01,51,245
"589","Tasmania",2020-01-02,37,282
"590","Tasmania",2020-01-03,32,314
"591","Tasmania",2020-01-04,7,321
"592","Tasmania",2020-01-05,12,333
"593","Tasmania",2020-01-06,24,357
"594","Tasmania",2020-01-09,16,373
"595","Tasmania",2020-01-11,3,376
"596","Victoria",2019-08-27,2,2
"597","Victoria",2019-09-01,2,4
"598","Victoria",2019-09-02,2,6
"599","Victoria",2019-09-03,8,14
"600","Victoria",2019-09-04,1,15
"601","Victoria",2019-09-05,2,17
"602","Victoria",2019-09-11,1,18
"603","Victoria",2019-09-13,1,19
"604","Victoria",2019-09-14,1,20
"605","Victoria",2019-09-19,3,23
"606","Victoria",2019-09-26,1,24
"607","Victoria",2019-10-01,5,29
"608","Victoria",2019-10-02,2,31
"609","Victoria",2019-10-03,5,36
"610","Victoria",2019-10-05,1,37
"611","Victoria",2019-10-10,2,39
"612","Victoria",2019-10-12,1,40
"613","Victoria",2019-10-14,1,41
"614","Victoria",2019-10-21,8,49
"615","Victoria",2019-10-23,4,53
"616","Victoria",2019-10-27,1,54
"617","Victoria",2019-10-29,1,55
"618","Victoria",2019-11-22,29,84
"619","Victoria",2019-11-23,16,100
"620","Victoria",2019-11-24,43,143
"621","Victoria",2019-11-25,99,242
"622","Victoria",2019-11-27,1,243
"623","Victoria",2019-11-28,6,249
"624","Victoria",2019-11-29,43,292
"625","Victoria",2019-11-30,1,293
"626","Victoria",2019-12-05,1,294
"627","Victoria",2019-12-06,5,299
"628","Victoria",2019-12-07,10,309
"629","Victoria",2019-12-08,17,326
"630","Victoria",2019-12-09,99,425
"631","Victoria",2019-12-10,15,440
"632","Victoria",2019-12-12,1,441
"633","Victoria",2019-12-13,4,445
"634","Victoria",2019-12-14,3,448
"635","Victoria",2019-12-16,14,462
"636","Victoria",2019-12-17,44,506
"637","Victoria",2019-12-18,27,533
"638","Victoria",2019-12-19,65,598
"639","Victoria",2019-12-20,324,922
"640","Victoria",2019-12-21,95,1017
"641","Victoria",2019-12-22,98,1115
"642","Victoria",2019-12-23,2,1117
"643","Victoria",2019-12-24,29,1146
"644","Victoria",2019-12-25,70,1216
"645","Victoria",2019-12-26,97,1313
"646","Victoria",2019-12-27,38,1351
"647","Victoria",2019-12-28,2,1353
"648","Victoria",2019-12-29,286,1639
"649","Victoria",2019-12-30,2189,3828
"650","Victoria",2019-12-31,367,4195
"651","Victoria",2020-01-01,555,4750
"652","Victoria",2020-01-02,685,5435
"653","Victoria",2020-01-03,929,6364
"654","Victoria",2020-01-04,1949,8313
"655","Victoria",2020-01-07,5,8318
"656","Victoria",2020-01-08,52,8370
"657","Victoria",2020-01-09,87,8457
"658","Victoria",2020-01-10,8,8465
"659","Victoria",2020-01-11,141,8606
"660","Western Australia",2019-08-01,26,26
"661","Western Australia",2019-08-02,15,41
"662","Western Australia",2019-08-03,4,45
"663","Western Australia",2019-08-04,6,51
"664","Western Australia",2019-08-05,5,56
"665","Western Australia",2019-08-06,4,60
"666","Western Australia",2019-08-07,24,84
"667","Western Australia",2019-08-09,5,89
"668","Western Australia",2019-08-10,27,116
"669","Western Australia",2019-08-11,5,121
"670","Western Australia",2019-08-12,7,128
"671","Western Australia",2019-08-13,5,133
"672","Western Australia",2019-08-14,2,135
"673","Western Australia",2019-08-15,8,143
"674","Western Australia",2019-08-16,28,171
"675","Western Australia",2019-08-17,11,182
"676","Western Australia",2019-08-19,3,185
"677","Western Australia",2019-08-20,2,187
"678","Western Australia",2019-08-21,15,202
"679","Western Australia",2019-08-22,15,217
"680","Western Australia",2019-08-23,5,222
"681","Western Australia",2019-08-24,9,231
"682","Western Australia",2019-08-25,16,247
"683","Western Australia",2019-08-26,7,254
"684","Western Australia",2019-08-27,3,257
"685","Western Australia",2019-08-28,7,264
"686","Western Australia",2019-08-29,1,265
"687","Western Australia",2019-08-30,5,270
"688","Western Australia",2019-08-31,12,282
"689","Western Australia",2019-09-01,9,291
"690","Western Australia",2019-09-02,16,307
"691","Western Australia",2019-09-03,22,329
"692","Western Australia",2019-09-04,24,353
"693","Western Australia",2019-09-05,25,378
"694","Western Australia",2019-09-06,51,429
"695","Western Australia",2019-09-07,27,456
"696","Western Australia",2019-09-08,21,477
"697","Western Australia",2019-09-09,26,503
"698","Western Australia",2019-09-10,66,569
"699","Western Australia",2019-09-11,41,610
"700","Western Australia",2019-09-12,62,672
"701","Western Australia",2019-09-13,57,729
"702","Western Australia",2019-09-14,21,750
"703","Western Australia",2019-09-15,64,814
"704","Western Australia",2019-09-16,1,815
"705","Western Australia",2019-09-17,16,831
"706","Western Australia",2019-09-18,6,837
"707","Western Australia",2019-09-20,11,848
"708","Western Australia",2019-09-21,17,865
"709","Western Australia",2019-09-22,39,904
"710","Western Australia",2019-09-23,4,908
"711","Western Australia",2019-09-24,55,963
"712","Western Australia",2019-09-25,24,987
"713","Western Australia",2019-09-26,10,997
"714","Western Australia",2019-09-27,25,1022
"715","Western Australia",2019-09-28,33,1055
"716","Western Australia",2019-09-29,45,1100
"717","Western Australia",2019-09-30,66,1166
"718","Western Australia",2019-10-01,119,1285
"719","Western Australia",2019-10-02,16,1301
"720","Western Australia",2019-10-03,157,1458
"721","Western Australia",2019-10-04,136,1594
"722","Western Australia",2019-10-05,146,1740
"723","Western Australia",2019-10-06,33,1773
"724","Western Australia",2019-10-07,9,1782
"725","Western Australia",2019-10-08,46,1828
"726","Western Australia",2019-10-09,40,1868
"727","Western Australia",2019-10-10,111,1979
"728","Western Australia",2019-10-11,156,2135
"729","Western Australia",2019-10-12,92,2227
"730","Western Australia",2019-10-13,139,2366
"731","Western Australia",2019-10-14,102,2468
"732","Western Australia",2019-10-15,57,2525
"733","Western Australia",2019-10-16,32,2557
"734","Western Australia",2019-10-17,54,2611
"735","Western Australia",2019-10-18,48,2659
"736","Western Australia",2019-10-19,76,2735
"737","Western Australia",2019-10-20,91,2826
"738","Western Australia",2019-10-21,197,3023
"739","Western Australia",2019-10-22,147,3170
"740","Western Australia",2019-10-23,236,3406
"741","Western Australia",2019-10-24,200,3606
"742","Western Australia",2019-10-25,176,3782
"743","Western Australia",2019-10-26,145,3927
"744","Western Australia",2019-10-27,178,4105
"745","Western Australia",2019-10-28,196,4301
"746","Western Australia",2019-10-29,125,4426
"747","Western Australia",2019-10-30,269,4695
"748","Western Australia",2019-10-31,241,4936
"749","Western Australia",2019-11-01,46,4982
"750","Western Australia",2019-11-02,106,5088
"751","Western Australia",2019-11-03,203,5291
"752","Western Australia",2019-11-04,447,5738
"753","Western Australia",2019-11-05,249,5987
"754","Western Australia",2019-11-06,221,6208
"755","Western Australia",2019-11-07,180,6388
"756","Western Australia",2019-11-08,126,6514
"757","Western Australia",2019-11-09,149,6663
"758","Western Australia",2019-11-10,363,7026
"759","Western Australia",2019-11-11,150,7176
"760","Western Australia",2019-11-12,99,7275
"761","Western Australia",2019-11-13,208,7483
"762","Western Australia",2019-11-14,119,7602
"763","Western Australia",2019-11-15,218,7820
"764","Western Australia",2019-11-16,185,8005
"765","Western Australia",2019-11-17,340,8345
"766","Western Australia",2019-11-18,256,8601
"767","Western Australia",2019-11-19,257,8858
"768","Western Australia",2019-11-20,265,9123
"769","Western Australia",2019-11-21,195,9318
"770","Western Australia",2019-11-22,179,9497
"771","Western Australia",2019-11-23,227,9724
"772","Western Australia",2019-11-24,272,9996
"773","Western Australia",2019-11-25,213,10209
"774","Western Australia",2019-11-26,136,10345
"775","Western Australia",2019-11-27,252,10597
"776","Western Australia",2019-11-28,47,10644
"777","Western Australia",2019-11-29,71,10715
"778","Western Australia",2019-11-30,95,10810
"779","Western Australia",2019-12-01,112,10922
"780","Western Australia",2019-12-02,134,11056
"781","Western Australia",2019-12-03,51,11107
"782","Western Australia",2019-12-04,173,11280
"783","Western Australia",2019-12-05,80,11360
"784","Western Australia",2019-12-06,195,11555
"785","Western Australia",2019-12-07,121,11676
"786","Western Australia",2019-12-08,228,11904
"787","Western Australia",2019-12-09,153,12057
"788","Western Australia",2019-12-10,124,12181
"789","Western Australia",2019-12-11,179,12360
"790","Western Australia",2019-12-12,115,12475
"791","Western Australia",2019-12-13,268,12743
"792","Western Australia",2019-12-14,593,13336
"793","Western Australia",2019-12-15,593,13929
"794","Western Australia",2019-12-16,234,14163
"795","Western Australia",2019-12-17,188,14351
"796","Western Australia",2019-12-18,369,14720
"797","Western Australia",2019-12-19,820,15540
"798","Western Australia",2019-12-20,263,15803
"799","Western Australia",2019-12-21,326,16129
"800","Western Australia",2019-12-22,170,16299
"801","Western Australia",2019-12-23,104,16403
"802","Western Australia",2019-12-24,135,16538
"803","Western Australia",2019-12-25,217,16755
"804","Western Australia",2019-12-26,287,17042
"805","Western Australia",2019-12-27,287,17329
"806","Western Australia",2019-12-28,466,17795
"807","Western Australia",2019-12-29,1177,18972
"808","Western Australia",2019-12-30,254,19226
"809","Western Australia",2019-12-31,155,19381
"810","Western Australia",2020-01-01,619,20000
"811","Western Australia",2020-01-02,919,20919
"812","Western Australia",2020-01-03,25,20944
"813","Western Australia",2020-01-04,49,20993
"814","Western Australia",2020-01-05,121,21114
"815","Western Australia",2020-01-06,317,21431
"816","Western Australia",2020-01-07,689,22120
"817","Western Australia",2020-01-08,415,22535
"818","Western Australia",2020-01-09,10,22545
"819","Western Australia",2020-01-10,11,22556
"820","Western Australia",2020-01-11,39,22595
